0.31 1
-2.783 1
-0.788 1
2.868 1
0.744 1
-1.067 1
-1.518 1
1.365 1
2.097 1
-1.668 1
-1.018 1
-3.793 1
-1.455 1
-1.257 1
-2.405 1
1.501 1
-2.028 1
0.12 1
-0.19 1
-2.052 1
0.933 1
-0.394 1
0.909 1
-0.046 1
0.548 1
-2.585 1
-1.168 1
-3.306 1
-0.181 1
-2.155 1
1.006 1
-0.016 1
0.192 1
-1.026 1
-1.98 1
-0.681 1
2.765 1
2.451 1
-1.661 1
-0.562 1
0.326 1
1.389 1
-1.054 1
-2.565 1
0.834 1
2.422 1
-1.223 1
-0.435 1
2.325 1
0.758 1
5.437 2
-2.082 2
14.069 2
-5.8 2
-0.033 2
1.362 2
1.313 2
-5.241 2
-6.536 2
-7.894 2
-3.392 2
-6.773 2
0.499 2
3.489 2
3.069 2
-11.463 2
2.25 2
3.03 2
-2.076 2
-2.478 2
2.863 2
-1.279 2
2.109 2
-1.06 2
4.112 2
2.537 2
7.982 2
-2.243 2
-6.621 2
-5.762 2
-6.544 2
2.682 2
4.222 2
0.188 2
1.899 2
5.469 2
0.271 2
6.34 2
0.15 2
5.485 2
-4.795 2
2.358 2
-5.982 2
-8.243 2
2.071 2
-15.531 2
3.068 2
-6.79 2
-3.211 2
0.979 2
