0.232 -0.636
1.186 -0.424
2.354 1.175
1.329 0.808
0.522 0.599
-0.059 0.318
2.191 1.925
0.791 1.975
0.851 0.098
0.72 0.639
0.042 1.889
-0.401 0.189
-1.811 0.221
1.205 -1.092
1.924 1.184
0.089 1.536
0.953 -1.442
0.178 1.071
-0.045 1.253
2.049 1.177
1.354 -0.417
2.116 2.184
-0.24 -0.229
0.969 -0.479
1.781 -1.215
-0.002 0.698
3.304 -0.897
1.905 0.953
2.081 -0.17
0.302 1.169
-0.026 1.18
2.025 0.234
3.141 0.448
1.592 2.099
1.05 -0.022
0.748 1.758
-1.116 -1.384
2.28 0.945
1.145 0.633
-0.495 -0.364
1.516 0.131
0.934 1.142
2.302 0.953
2.55 -0.108
1.151 2.598
2.832 -0.128
1.93 1.367
1.691 0.646
0.046 1.083
1.024 2.761
