-0.542 -4.051
0.091 -3.468
-0.843 -4.329
0.988 -2.641
0.359 -3.221
1.168 -2.475
0.599 -3.0
-0.271 -3.802
1.727 -1.96
0.882 -2.739
-0.715 -4.211
-1.247 -4.701
-0.204 -3.74
0.963 -2.664
-2.011 -5.405
0.075 -3.483
1.189 -2.455
0.578 -3.019
0.727 -2.881
0.232 -3.338
-0.096 -3.64
0.783 -2.83
-0.832 -4.318
0.87 -2.75
-0.543 -4.053
0.951 -2.676
0.694 -2.912
-1.175 -4.635
1.207 -2.439
-0.539 -4.048
-1.62 -5.045
0.636 -2.966
-0.744 -4.238
0.214 -3.355
0.729 -2.88
-0.162 -3.701
0.366 -3.214
0.23 -3.34
-2.643 -5.988
-0.838 -4.325
-0.324 -3.851
-0.201 -3.737
1.275 -2.376
-0.642 -4.143
-0.277 -3.807
1.081 -2.556
-0.222 -3.757
0.169 -3.396
1.032 -2.601
0.218 -3.351
